Matrix A:
20	43	24	17	29	17	
21	35	3	4	46	40	
7	11	15	15	30	19	
23	42	20	10	43	36	
8	17	25	44	6	10	
22	7	35	11	16	13	

Matrix B:
14	33	13	35	32	5	
29	42	10	21	32	36	
47	25	14	35	8	7	
36	3	12	42	48	46	
43	6	9	32	5	22	
25	4	28	8	6	37	

A x B: 
4939	3359	1967	4221	3271	3865	
4572	2686	2247	3535	2478	4062	
3427	1369	1393	2743	1680	2589	
5589	3455	2514	4471	3151	4505	
3872	1811	1486	3632	3202	3353	
3565	2076	1486	3220	1894	1946	

A + B: 
34	76	37	52	61	22	
50	77	13	25	78	76	
54	36	29	50	38	26	
59	45	32	52	91	82	
51	23	34	76	11	32	
47	11	63	19	22	50	
